543061769
96763758
963748019
797418134
421971105
827362346
1849551317
1663930465
1210476327
1904690344
420793854
1137901921
1185720859
1010963824
318454649
713878343
1658342729
1902925557
487074208
330702126
945157561
1323315181
1966829974
1982844858
8936427
648743307
251912037
2112218232
140600111
2076384350
712695671
1205372736
472031556
522818214
1001980474
823797427
1251376994
531604261
780104549
1301451614
140603287
277439926
1191924171
1041489853
1985709341
267586557
1653039450
1571205877
596463027
121272501
1890253820
1821899901
1558531740
2059093614
254916390
1213999749
1627406295
1278505620
103456791
1967525963
1618061575
1747701263
1914967973
368472847
1188282475
1090153470
1908345405
1433866694
802212877
288541748
1949869141
562044254
635662916
1965211414
2144790756
420339013
1582578428
936262178
1174977943
1125333961
1954577927
331767934
91993121
970182170
768009236
398614314
635469093
254775071
1906728091
166973476
1015019994
178978680
1708939630
1723092264
665224925
535818547
453814983
1469840050
1967818195
335022624
1081387079
901250951
490662768
1874956464
118928852
1750481266
714946129
2091974705
1328676184
618316594
1847023030
1652740785
152023639
2126267214
123586630
1524864381
201161990
779020611
1957788273
1224043826
1211066935
1047461736
937117
425020888
2138590885
1998956936
1481702549
1711727051
2100616814
1855541641
634502046
1748691837
1305427767
1079573845
1202408060
2110343018
1321449639
1496486699
704680001
2072665860
1833659275
1975134760
1539998833
1232967246
978853562
2076374821
2059634602
2179283
170860926
56078545
1624801621
687255982
1240637477
662181722
855126964
1557769981
805237266
1781845333
2138492825
1632810277
1742946316
1769802168
1661330879
1527159931
199939641
906593875
122099452
726062781
584656963
1294728789
1570247506
470080560
1069116859
1404163191
2000174918
931214433
328480781
192564557
319062279
388792375
722381550
1554504827
1844477269
1608343938
680634231
857954047
1178347227
1901487281
344315755
749455747
997129637
1028952727
621767910
1168932701
265781280
1180080210
1089971268
439552427
1384305745
2040649497
305474486
262763861
905695460
604005076
1282855095
1968904742
1398449812
1438734936
882790946
21905814
568707697
660859925
763877332
1656469750
1361298687
437177060
1463236895
1301895218
783609875
860070428
1335897672
363997891
531467329
870840752
236156540
1513451335
137289739
895171005
158059056
1981875925
467159108
85592228
354748647
341164230
221780947
9694497
2042991160
1521603700
842233249
1213995004
1215754886
1609910824
37474824
346925007
1835425865
1321265715
1739883031
472910208
271870568
1140523379
96111270
1130895958
1608770954
68433086
150808725
154968590
1436976827
2052041788
599231320
1974671588
542328675
755557662
1102997941
884216096
1692817687
1402201640
811560299
793690775
1248782057
659358461
683921023
1501772122
1601588001
1230416928
284280525
538982626
1655591369
955663913
454369501
856641394
1420012803
1560611368
165456178
430184716
1964152167
275926795
603859238
901290035
581594092
853072732
1853715218
1373206155
2114213314
154142204
17003928
1164098852
2074731420
1280166988
2022272763
739287871
1660455851
728605138
1240794606
1535756579
444776913
1506824576
1923206426
1620600505
880121336
2074094402
1052626193
101277743
1572534083
1191227034
266148074
1182594818
658519570
1913919981
1707014739
2053601083
1646925165
2043227748
1335240282
326052063
902883412
894238475
3176999
2084420898
1037626479
1960313421
533884547
1357968500
785820572
2009678978
284728462
1733616522
560538036
601359246
1031158110
1225118538
2003896961
713541913
977176706
852152829
144232043
881646470
1365527304
1308110418
1451816638
1275717160
462639731
936727738
515406976
356576999
1869490585
2111200566
2126722766
587936532
928310140
962772003
980322832
1091501814
2098619725
1196743626
203874899
176752071
2142341094
1711721429
1185107836
893733249
202819678
1660856558
689331187
1074801847
550539791
1946056171
1421368732
586730328
3998464
650395019
1416692456
279231990
1563941675
707421233
1018716837
360624293
889208649
355244141
1550611878
1272552924
337561159
1755466976
87264478
213499143
1079799125
1664095227
662450762
764045883
1653125422
1631873409
700598622
1389117796
2121769075
1243730745
891606785
1919392723
1523176408
1939897202
2134972214
40225019
1872260618
534780916
1747503547
1378972006
429502350
1031403294
1804956065
1084265685
605619587
1090910856
848084464
329183843
1012784948
1575693396
1266946465
1055480785
1038611886
753523132
842711019
646259833
877225455
1708191654
756152461
230244576
635014530
1510372957
1368295082
2001084918
1870231085
1032988628
45875815
2110802741
1170472617
143524223
1519522256
1738707356
917522249
880695842
507863834
1980512089
956619425
1453019709
782793357
1970922762
1377963407
1452273558
175671523
936153661
98896193
753929232
1824241789
1164432177
341674556
250694198
457674477
1598850978
6847094
1131238857
29837466
1438258488
1536325316
216055835
63587363
1287602145
649781741
766611510
1797834361
994032944
1640807192
1251499365
189487611
1952600179
1075193398
1535888914
345476651
1409533956
239103106
1302507866
673124842
116398109
1590300638
1430468783
1458778393
546644870
190075008
303207082
1683175599
1788624714
954308836
275808431
1946121090
1223064029
419271455
1479130083
541232394
1071008752
278503974
665830981
1680762362
371236211
715256237
1781212710
1374433371
395419407
1919236843
7858269
1643098665
1410970650
2110272029
1913140735
1539605393
1223462230
1115869
1806593524
634803523
787165456
2070101788
21145824
1560845874
1403837025
44611867
127180639
838943033
1198318004
1264398194
1689999929
1886609129
1444337632
598189789
2136391240
413690001
2085112366
1633697460
1425057693
1460736074
779577919
159754355
413231370
303683803
372620853
1117179210
1889967724
898482045
242177598
776214880
763076587
1182794219
840308756
985269400
1003655917
425178807
1956169651
1766933837
1861618898
1897653264
1604866413
904649026
680086733
487345925
1255089650
1257533687
685684824
271727620
659865528
1910306225
1099139619
192821730
151952017
1765799941
807853661
1360891322
1970697490
2086588899
432206028
1274123684
992907609
1007153725
1230576535
108805755
418666539
1227264625
1977821119
1322480747
1266855996
1588259973
1061306686
1746461797
348747073
1494243077
1230907043
579693431
436794999
1459758829
784268212
1605100329
2092399507
1042279082
681307200
498647826
1384314704
998022862
1047723383
170409158
1361280298
1936567587
359734605
460112558
1220637752
205691889
1504027903
1091623440
1585769520
1043746008
1427563680
2046804295
1805902200
1145509671
29445162
384313431
1076359267
1166982250
1390041039
241477221
1999680310
1338263593
2044278548
1261085105
1687047456
2098864481
1903605516
831221785
713660781
342483076
276660170
2042515900
166947563
551986341
1781339423
566434501
1472807605
585239497
71301338
1949854377
72032464
1337891896
113873743
1392689322
1312789041
1112434164
819140288
188411579
1106147272
47798415
2010863465
1876930593
1875453472
675241552
681046893
1645743986
1126427168
2112268302
731494261
1280985008
2119334694
1265499202
1900584664
1542397183
621864273
1839685506
519805814
1292236573
240520742
22915103
1356249071
130573195
1093979824
1175912125
1404128835
984482072
2133661996
969415350
1911406654
803002351
926048417
406663807
1025651690
1872133960
1067692387
453038677
647140181
1077225281
944980582
647342310
1173735311
1905330585
132845258
1153063592
1385619640
31877668
1818694759
1300483630
477931058
283175551
1304834440
1921823948
97561285
1383266848
217179971
384183007
1568408208
1471909949
783972744
2044994077
1741488486
1974960711
175381758
1664345055
1410906245
1127210112
966681360
412259727
542949336
751464385
1544519040
1689866056
201946236
477244019
387621164
223518680
1844731262
914302116
123427578
8241473
1816695548
2120185234
524903724
822759195
1913036630
1301153736
1634619724
9696523
1077128559
589612246
350085501
1563408236
294738355
2014774030
1514273924
602101841
1246221139
603832388
1793124078
1238888633
2147397734
1591814413
19712643
1561418560
321487833
903728036
1268509385
1414211765
1426104697
300426123
660018498
130090782
933123940
614124525
1178211761
673497755
1178110996
575044007
124728676
1247366491
174883293
257831183
2127750788
1876000819
118847607
1912362393
532943703
300612976
1949060720
102714265
1772449657
1496525239
1155135638
693998479
1213921862
416769507
614034234
1639298857
558068645
1566698807
466122788
882383683
1670480995
261188377
1250272700
570757319
596774788
1294622636
403989381
285145844
753386615
84343077
1675728337
1581056620
1218127733
788307130
2087427590
1643100908
1177099082
495059447
2040932591
581701366
753963765
1577125179
787587604
159992279
949973735
608351033
1143255430
49246076
249331917
744688773
1732475167
644359722
806868686
704492208
21112749
23955719
276869638
1336575825
2039343052
1151221167
804463327
1355048967
1439752883
1990531699
158551387
918598173
1798580159
335497255
1536046918
197965146
1078837734
474359704
1737241722
1286910840
417181350
710038022
88431757
506721195
1384329105
1452663810
1567677025
1405922803
1713549468
609257501
1894045001
446939246
1653373403
2090070903
825129851
1751908177
851235149
1090872840
1608731750
167872846
2139661092
946884280
1395607131
1293531893
1403388207
925919698
1788995050
1581285453
746376997
1822902511
1337283236
1411956286
1298312133
937286760
527676092
2063631961
1349952423
1161144965
2007007554
1286527354
1725870233
47844914
1991253936
1998569610
1424981375
1518703020
1702921217
1796604493
1154484950
1807512438
877046522
941756605
304700833
2103311475
1459395869
760204854
774296339
1869669429
1536143949
961174189
78265090
429848172
96514041
1394814808
713507964
2127143226
1079364054
268839778
1287535704
77368
1185715140
1039275651
1315586389
1563006588
143171852
1019865428
1694765414
30724838
275533693
150685602
1210135142
1000519000
61304335
1046315986
853359763
1276381355
583649194
897117672
574283006
2071412728
1069598917
1543288783
1793480666
234604988
694269816
564702304
1089966534
914083780
1535720826
1498003160
1650699086
652833938
762330090
860415130
670003155
1818609844
689420744
2118110561
338433477
1684353095
441364355
603252309
1172001704
1149974587
709582986
1887000171
616382409
2132373885
666599551
578619345
76554027
821838668
797141890
1527460062
1385846385
1572620116
1808977335
1804107635
550467554
1167208026
648695647
660245159
920397185
1691576670
857833277
1832393507
249645885
33133162
530045738
885087784
2015263829
