597052
3683058
8493801
9477811
20366080
20812027
20966117
22210777
23272557
34205955
35662940
38691133
38886440
45991003
50009440
54952350
55846690
56322841
57052838
66584730
66678674
69178708
70040392
70219688
70838785
72429049
73034968
73915326
74904137
75880371
80208216
82875160
83051495
83117801
84493817
84922865
87590768
87704525
87742130
87966580
91804338
92713508
92906026
94794109
95128975
96371935
99199733
100912727
104532724
105991614
108928683
109751591
112270892
113177292
114257147
115388836
116830445
116976684
117180340
124549887
124605810
135842842
136409453
137610489
140347856
146267740
155699497
155912297
158301539
158515579
158937656
162683232
163464625
165957097
170834885
171142274
171990168
173095838
173873026
175445948
176462907
178517183
178857814
180035252
181472310
182751780
182999209
183169295
184974353
185365103
189394587
189420295
189796106
200650224
205925820
206422340
206977533
207331925
207667532
207956708
210357504
210565388
210828834
212704364
213421433
220612332
225714533
228158985
231865697
234664615
237995340
241678417
249116020
251011883
252417904
253017766
255459004
260471583
260799790
267789776
269041101
272001814
273143469
274597428
275368688
278337002
278462112
280610808
280967445
282305591
282782845
284412154
296253291
298962468
299168788
299192964
299440514
299482132
300788195
304047855
305120920
306635275
309516551
309867857
314959369
315591088
316099861
317828032
320033981
323207996
325828269
327441585
329282517
331070104
331223858
331486157
334177738
337310915
339413971
340261887
340326336
340581907
343237584
346866257
347680220
350547297
353936776
363587178
366857039
367196196
367852567
370301362
373993877
374101834
378733461
379233254
379331553
380874492
381252413
381767996
382037273
385127190
388024522
388919642
390258527
391431149
392012359
393017702
399596464
400580441
403093048
405419866
406685941
408575664
408740625
409730419
413009098
415533212
417513797
419302924
422778283
426081513
429443498
431501293
432375796
433449844
437864592
441879462
447502248
449036937
450023969
450820307
452315088
456176274
457553271
460411149
461036564
461054064
464677441
477361201
480112792
481503163
481761313
485088348
493165763
493173096
493473782
495618622
499143625
505665302
509058022
511176741
512221517
512320478
513961175
514830608
517466671
520236039
523948667
524332099
525360942
526521531
529773397
531834995
532546489
537798878
541550178
544218804
545338643
546798523
548703321
548737267
550229382
551526407
553373463
559733216
563026041
564932176
566108737
572281569
575280980
578421566
578990463
579051668
579151361
580135440
580223562
580993567
584738933
585598391
586102381
592596498
596521527
599257618
606500222
608764971
610086797
611049847
618529481
620094183
626068154
626127925
626657773
629585673
629638176
633419486
636865962
637025537
637263188
642484082
645470876
647451462
651842810
655507357
655905591
660644102
664397860
665371638
666064522
668393042
668696489
673824188
674592683
681021101
689925817
692060175
692210484
692571338
695474256
697637790
700255356
701316315
701533336
702645205
703084993
706791498
707975780
711298131
711561521
712579113
714588432
714796640
714887608
716747563
717623179
717670614
719067701
719247488
720354380
721413333
721780440
724935428
725076119
725390358
728995977
730495975
731165773
734104770
735248121
741472655
744003866
745254882
746033543
748645507
749125875
749428922
749641716
754055408
754590538
755582720
757236765
763228526
763854665
767981436
770025420
774410046
776987493
786330505
789533830
791696204
792328214
792673804
793159136
800790886
800873035
802135308
805321449
806668802
806853194
808432972
808946016
809604402
812616020
812929378
816448157
817756676
826341233
826423138
826627829
826741117
827992399
829290626
829649411
831304247
832352282
832805982
833231132
836162244
836518873
838658149
840847936
842788167
850057716
850756652
851028944
852468203
853009693
855157395
856935378
857406532
859268478
859557197
861761454
870616993
874313232
874499554
876991984
878424701
878495219
878848062
881805527
885566353
887284772
889739027
896031598
900357616
903294536
904272082
904403461
904901544
908911874
910973153
910977168
912686579
913413752
913538346
914559521
917486880
917573600
919323842
920254404
920256123
921872011
922797701
923684492
924147664
929927415
931532870
933345202
936754141
936976537
938590915
941289827
941413958
945963417
946884372
947080276
955240187
955256832
960683385
963193917
964183887
968727993
970855472
971860562
972868507
974179469
986874176
987924549
988841695
999334799
1000568985
1001786609
1003351806
1007089558
1008346847
1010217719
1018857994
1029484106
1030519337
1031346037
1034545629
1035092835
1035998534
1039344449
1039564459
1042071193
1045041900
1048691673
1050880311
1059049639
1059778752
1063107983
1071173849
1072546445
1073865807
1075368540
1077905267
1079615527
1081429176
1082238965
1085559374
1086465415
1088411191
1088530319
1088899880
1091670901
1092314450
1093884703
1095188160
1096690030
1097484717
1098877796
1099954388
1100587541
1102153790
1102913001
1103953347
1106061354
1106202028
1107692968
1109863818
1110252000
1111363696
1112807507
1115198090
1115626298
1116576724
1119686878
1120976602
1123205055
1123272339
1123946660
1131675655
1132362422
1132773876
1134952149
1136642990
1139605562
1143771601
1143963085
1148727313
1150471803
1151194036
1152654913
1153411391
1157170995
1162158463
1162478284
1164379874
1164763521
1167834223
1171413424
1172694303
1175615320
1175872850
1176380565
1177604714
1178522771
1180118764
1182672503
1183675662
1184669893
1185167382
1185759755
1187254651
1187948562
1194016403
1194346413
1195522224
1196418043
1200222625
1202718068
1202743888
1203949308
1205286875
1206381908
1208378861
1208534267
1208961598
1210812094
1213475774
1219317413
1220335618
1222550630
1230958218
1231630739
1232757138
1234281088
1234533644
1238193599
1240463091
1248919552
1252273629
1253128234
1257523575
1258025052
1259255531
1259691295
1261151138
1263029395
1263603416
1265451929
1266493384
1268175353
1268511285
1271131269
1274676828
1275698346
1276213474
1276239549
1277386042
1283213955
1285688737
1289721731
1292669846
1294289788
1295208254
1296911804
1297136926
1300100104
1301301607
1301926728
1305130829
1305607907
1308088366
1309104259
1309170121
1313530177
1314251503
1315229624
1316873360
1318863295
1323870542
1330393602
1333976720
1334308276
1338597215
1340828639
1341365422
1341828463
1342538555
1342880641
1344039786
1344766530
1345424202
1348060507
1350906748
1353725025
1354073608
1354137747
1354227622
1354489813
1356620761
1358817785
1360668357
1362671836
1367633074
1368299354
1369609617
1371426218
1374215527
1374472729
1377428672
1379896715
1380995779
1381980541
1382320187
1382409931
1382713676
1383581526
1383640927
1386777137
1388137169
1391356441
1392336435
1396087429
1396203192
1398882061
1399451480
1401712223
1402338416
1404675977
1406893365
1407883402
1408880888
1408939544
1410723597
1411176032
1411574002
1413721374
1416183436
1418848300
1420678777
1424172339
1426524045
1428648967
1430407268
1433198563
1433650140
1434567175
1434837246
1440583192
1444693162
1446281231
1450240073
1451621672
1452028346
1452435133
1454142503
1455099377
1455368728
1459936563
1465037825
1465887302
1468541688
1472367598
1472516546
1474495620
1477332483
1481911268
1483167585
1486472041
1490027032
1490500336
1498559100
1500890486
1506186880
1506553073
1510139589
1511820077
1512872047
1513743346
1518165553
1524564712
1525761095
1534243272
1534616473
1535663701
1536914895
1537174870
1540435111
1541342404
1544127101
1546493991
1549324909
1551669112
1555222753
1563028351
1565075187
1565243585
1566244758
1567578282
1567787129
1569324867
1569531649
1571339324
1573215364
1574929429
1577527977
1579135465
1580559596
1588456518
1589860162
1592149957
1593745583
1596174798
1597480352
1603673231
1604446291
1604817543
1607982219
1608672071
1613076409
1616359431
1619426080
1622012246
1622437934
1623459100
1626112966
1630346007
1632732201
1633249640
1635118043
1637418063
1638445964
1642489142
1644115464
1648293979
1649987119
1650227939
1650728491
1651739873
1656596671
1657012208
1657827150
1660190226
1662685972
1670556119
1671000588
1673002081
1673299824
1673849561
1674972331
1677242958
1679705813
1681265693
1686613341
1687530569
1689100961
1693173386
1693592288
1700218670
1701370461
1702561865
1702835244
1704476377
1705652092
1706841388
1707169372
1707323671
1707979403
1713507441
1713797866
1718721751
1718955644
1724350134
1731775134
1732390780
1736197769
1736227045
1738154920
1738758553
1740212405
1744580253
1748743927
1752733595
1754549975
1755900574
1757143211
1761378647
1764506183
1769655084
1771084155
1772541222
1775084689
1775375140
1780160877
1782276919
1786213474
1787875144
1788671754
1791348188
1791916176
1793189918
1795244471
1800925742
1805544517
1806583586
1808514501
1814074223
1815168680
1819138798
1819498194
1824881429
1825153440
1827870653
1830756589
1834587836
1834833574
1835228945
1836563212
1838134435
1839161678
1843090281
1843742344
1844270475
1844392374
1849945306
1850062992
1851461211
1852052812
1852662908
1853292890
1853681689
1854134536
1854401461
1856089138
1861668554
1866329118
1868771483
1869562522
1872811122
1874070563
1876977008
1877851876
1879065367
1887055345
1896318234
1899737418
1902037838
1904551087
1904945856
1906517107
1906845387
1909507309
1911371616
1912124201
1915488122
1916950372
1922317736
1924897913
1927477594
1927934630
1928772093
1930058386
1931844003
1932611393
1933725724
1939279772
1939890375
1946222552
1948689475
1949014627
1949392319
1951165143
1952844402
1955418907
1955871725
1962762939
1964176936
1966905548
1968725302
1969489820
1976031242
1979459222
1981813898
1983472489
1986434139
1991218392
1991261623
1993213498
1995220109
2000818407
2001888887
2005763272
2006873250
2006883480
2009612668
2011160529
2011609803
2012513722
2012919066
2014910048
2015717169
2017060281
2019534525
2026171298
2026229694
2027978161
2029952336
2030148099
2031229560
2035284484
2037039509
2037518869
2038850623
2039219517
2039290524
2047791831
2049372289
2056572656
2057700847
2060118657
2063231039
2063553490
2064083710
2066110533
2068337723
2070225414
2078820369
2078829602
2080415372
2080475801
2089699711
2091427842
2093155933
2093224862
2094236239
2096139577
2099450580
2101110119
2101900068
2103286400
2108301624
2108323626
2108356438
2108634589
2114366718
2115133453
2116749769
2118690179
2119501170
2120434128
2124391729
2127888088
2136584356
2144021203
2147149549
2147340309
