1844392374
182999209
2011160529
1048691673
1110252000
910973153
1569531649
1295208254
1259691295
155699497
1834587836
1567578282
999334799
353936776
1059778752
457553271
633419486
1472367598
228158985
755582720
827992399
432375796
808946016
1234281088
339413971
189394587
278337002
836162244
707975780
1593745583
2066110533
165957097
158515579
544218804
525360942
511176741
731165773
206422340
826341233
618529481
931532870
1836563212
896031598
275368688
8493801
721413333
749125875
400580441
173095838
2006883480
917486880
1748743927
2068337723
1314251503
1176380565
1808514501
171142274
1877851876
874313232
299482132
1966905548
485088348
207956708
1787875144
385127190
80208216
725390358
182751780
1673002081
1506186880
163464625
1240463091
1604446291
692060175
1679705813
337310915
1637418063
1072546445
829290626
1740212405
1597480352
802135308
1687530569
1208534267
1301301607
2001888887
117180340
1396203192
1171413424
35662940
1164379874
1706841388
1916950372
274597428
597052
20366080
1073865807
806668802
1162478284
2047791831
1713507441
234664615
936976537
2108356438
2124391729
1411574002
1851461211
2014910048
1123205055
1187948562
2005763272
1452435133
249116020
1906517107
2115133453
1869562522
941289827
1771084155
1401712223
745254882
1800925742
1416183436
1983472489
1638445964
1574929429
429443498
461054064
1939890375
1297136926
1203949308
1849945306
207667532
481761313
579051668
1968725302
1772541222
1567787129
2030148099
1928772093
1868771483
320033981
45991003
3683058
2000818407
381767996
1185167382
665371638
941413958
1103953347
1764506183
1465037825
523948667
816448157
158937656
403093048
1541342404
1825153440
1444693162
94794109
608764971
155912297
2078829602
114257147
210565388
1151194036
1420678777
70040392
1301926728
419302924
719067701
1259255531
1091670901
1843090281
1268175353
431501293
938590915
280610808
1096690030
1075368540
84493817
2006873250
1196418043
173873026
1619426080
75880371
1563028351
793159136
904403461
1648293979
1633249640
1946222552
972868507
1157170995
695474256
367196196
87742130
2120434128
1294289788
1991261623
1702835244
1063107983
1969489820
546798523
1791348188
99199733
1148727313
697637790
1838134435
306635275
260799790
1854401461
1430407268
1018857994
1313530177
1671000588
317828032
1374472729
878424701
346866257
714588432
493473782
1518165553
340326336
674592683
1544127101
1374215527
1700218670
2063553490
955240187
1839161678
1039564459
109751591
700255356
923684492
1102913001
946884372
370301362
711561521
1791916176
189796106
124549887
1392336435
1732390780
945963417
717670614
1724350134
532546489
2108323626
1001786609
1866329118
545338643
1305607907
2056572656
200650224
971860562
1930058386
1899737418
734104770
1962762939
910977168
1761378647
1662685972
1406893365
1167834223
681021101
855157395
1434837246
566108737
2031229560
2080415372
725076119
299192964
1769655084
314959369
1164763521
1852662908
1308088366
702645205
1904551087
913538346
1029484106
1261151138
450820307
92713508
251011883
1109863818
1896318234
1112807507
1693173386
464677441
20812027
575280980
1305130829
1451621672
805321449
212704364
933345202
585598391
1045041900
1377428672
1341365422
1995220109
720354380
1178522771
1580559596
826627829
1608672071
564932176
1757143211
637025537
1183675662
505665302
955256832
524332099
1932611393
1194016403
2147149549
300788195
1123946660
1106061354
1440583192
1134952149
513961175
1202718068
1386777137
1353725025
1342538555
413009098
960683385
1175615320
1718955644
550229382
1296911804
50009440
2009612668
763228526
1050880311
299440514
1874070563
175445948
480112792
116976684
1657827150
84922865
1382409931
1979459222
1434567175
2063231039
96371935
1123272339
2108634589
450023969
176462907
763854665
1465887302
347680220
611049847
829649411
754055408
1426524045
1607982219
1455099377
1292669846
874499554
840847936
113177292
1208961598
1573215364
54952350
124605810
531834995
340261887
578421566
1477332483
626127925
1404675977
881805527
2012919066
1650227939
836518873
273143469
1939279772
1220335618
456176274
1008346847
1949014627
1906845387
714796640
392012359
987924549
1731775134
460411149
812929378
55846690
1266493384
1549324909
1187254651
1115626298
1632732201
1835228945
806853194
178517183
1132773876
1551669112
1398882061
2011609803
1077905267
1143963085
378733461
1358817785
2070225414
388919642
1185759755
184974353
363587178
1933725724
105991614
1964176936
461036564
900357616
832805982
512221517
586102381
1120976602
280967445
730495975
1194346413
832352282
1039344449
1588456518
1132362422
1210812094
1536914895
115388836
2039290524
379331553
1396087429
1258025052
703084993
1909507309
913413752
180035252
1102153790
1150471803
786330505
719247488
664397860
1793189918
2060118657
2037039509
919323842
1510139589
1340828639
850756652
1616359431
1316873360
213421433
1955418907
1660190226
1911371616
426081513
1315229624
1670556119
1535663701
861761454
1830756589
912686579
22210777
1674972331
1276213474
87966580
1650728491
929927415
433449844
921872011
2114366718
1230958218
367852567
936754141
1775084689
1861668554
390258527
572281569
1035092835
1285688737
1927934630
1915488122
851028944
309867857
1106202028
2108301624
92906026
728995977
207331925
1383640927
2119501170
800790886
304047855
749428922
856935378
23272557
1071173849
1806583586
579151361
340581907
447502248
870616993
309516551
1088899880
701316315
334177738
272001814
1402338416
1007089558
1271131269
2116749769
315591088
185365103
323207996
1707979403
1452028346
592596498
2012513722
620094183
415533212
1850062992
380874492
2147340309
655507357
350547297
1718721751
1856089138
95128975
1673299824
1330393602
366857039
826741117
1603673231
1824881429
853009693
1644115464
1219317413
1780160877
2037518869
1309104259
1231630739
393017702
2035284484
1081429176
2049372289
584738933
887284772
1180118764
774410046
1234533644
1775375140
2064083710
1213475774
1635118043
1649987119
512320478
1976031242
1450240073
379233254
1031346037
1622012246
399596464
1318863295
331486157
1834833574
104532724
1852052812
789533830
1681265693
1786213474
83051495
1098877796
1815168680
2089699711
606500222
100912727
986874176
1382320187
87704525
629585673
1707323671
1379896715
1391356441
800873035
1702561865
183169295
746033543
495618622
1383581526
1622437934
9477811
2099450580
1744580253
1579135465
34205955
1782276919
668696489
452315088
1454142503
1265451929
711298131
1205286875
647451462
158301539
1111363696
692210484
1388137169
2080475801
1162158463
391431149
1656596671
541550178
636865962
1486472041
189420295
2103286400
947080276
1100587541
1354137747
108928683
1738154920
87590768
553373463
963193917
1704476377
914559521
714887608
754590538
1949392319
831304247
1338597215
1952844402
2078820369
651842810
1082238965
1736197769
852468203
1274676828
1202743888
493173096
72429049
626657773
1399451480
1059049639
1701370461
1277386042
1177604714
878848062
284412154
2091427842
1222550630
741472655
580223562
537798878
1657012208
1752733595
1407883402
1472516546
1116576724
1993213498
1410723597
269041101
1525761095
1248919552
1673849561
1912124201
417513797
82875160
1455368728
1927477594
1623459100
716747563
920254404
1086465415
2026229694
885566353
1175872850
329282517
1511820077
1092314450
1300100104
1342880641
1571339324
1524564712
637263188
373993877
770025420
1566244758
1085559374
69178708
1099954388
1354489813
988841695
1569324867
91804338
1853681689
477361201
660644102
1843742344
701533336
1263029395
1827870653
1184669893
2019534525
2039219517
792673804
499143625
645470876
1428648967
2144021203
1819498194
1424172339
1367633074
205925820
2026171298
1474495620
1283213955
1252273629
171990168
859557197
1596174798
2017060281
405419866
878495219
1232757138
791696204
170834885
1333976720
162683232
70219688
1433650140
493165763
924147664
1380995779
1371426218
2101900068
717623179
2015717169
1115198090
817756676
859268478
1565075187
2136584356
73915326
1924897913
520236039
210357504
826423138
903294536
626068154
904272082
1206381908
1341828463
1253128234
1195522224
1498559100
1354073608
381252413
1003351806
1000568985
1922317736
178857814
580993567
706791498
1577527977
1481911268
408740625
655905591
481503163
1534616473
1093884703
908911874
1819138798
1604817543
1686613341
809604402
1512872047
1369609617
325828269
666064522
1506553073
1263603416
548737267
1088530319
1630346007
267789776
517466671
1418848300
920256123
559733216
1948689475
1413721374
1276239549
449036937
252417904
1172694303
610086797
56322841
749641716
1981813898
343237584
1483167585
1854134536
2127888088
241678417
2093155933
838658149
889739027
1323870542
1589860162
735248121
135842842
66584730
1354227622
599257618
1143771601
206977533
1879065367
1368299354
1035998534
1309170121
331223858
409730419
1555222753
970855472
2094236239
422778283
744003866
137610489
66678674
1408880888
181472310
629638176
1200222625
1350906748
1182672503
721780440
1788671754
1546493991
331070104
1139605562
1500890486
792328214
1088411191
253017766
225714533
1904945856
1433198563
282305591
1795244471
1097484717
1152654913
1736227045
548703321
580135440
1955871725
904901544
1275698346
642484082
278462112
70838785
2038850623
38886440
1844270475
1257523575
1360668357
1153411391
2093224862
1107692968
1872811122
850057716
1677242958
20966117
767981436
1853292890
689925817
231865697
2057700847
526521531
1991218392
842788167
514830608
1119686878
282782845
1951165143
210828834
1537174870
112270892
1348060507
316099861
1902037838
296253291
2118690179
1754549975
1713797866
563026041
1079615527
2027978161
1565243585
1887055345
255459004
1345424202
1707169372
1095188160
551526407
260471583
57052838
968727993
1289721731
237995340
1642489142
1334308276
917573600
2029952336
857406532
382037273
220612332
578990463
1034545629
833231132
1876977008
964183887
1986434139
1738758553
748645507
1010217719
1814074223
1136642990
1030519337
1755900574
1408939544
757236765
1268511285
1362671836
668393042
140347856
1805544517
509058022
1693592288
724935428
1446281231
1382713676
1490500336
83117801
876991984
1356620761
673824188
2101110119
406685941
116830445
299168788
38691133
374101834
146267740
1238193599
1411176032
1705652092
1468541688
437864592
1651739873
305120920
1459936563
73034968
692571338
2096139577
408575664
327441585
74904137
1344766530
808432972
1534243272
1131675655
441879462
1381980541
388024522
529773397
812616020
1592149957
298962468
776987493
712579113
1042071193
1689100961
1931844003
1613076409
974179469
1540435111
1344039786
1490027032
922797701
1513743346
596521527
1626112966
1208378861
136409453
